>> s1='MATLAB';
>> a=abs(s1)

a =

    77    65    84    76    65    66

>> char(a+32)

ans =

    'matlab'
