>> P=[1,-2,-5,6];
>> A=compan(P)

 
A =

       2              5             -6       
       1              0              0       
       0              1              0     
