>> t='6/20/2011';
>> c1=datevec(t)

c1 =

        2011           6          20           0           0           0

>> c2=datevec(734674)

c2 =

        2011           6          20           0           0           0

>> [y,m,d,h,mi,s]=datevec(t)

y =

        2011


m =

     6


d =

    20


h =

     0


mi =

     0


s =

     0

>> c3=datevec('20.06.2011','dd.mm.yyyy')

c3 =

        2011           6          20           0           0           0

>> 
