>> A=[2 3 4;8 4 9;5 3 1];
>> [L1,U1]=lu(A)

L1 =

    0.2500    1.0000         0
    1.0000         0         0
    0.6250    0.2500    1.0000


U1 =

    8.0000    4.0000    9.0000
         0    2.0000    1.7500
         0         0   -5.0625

>> [L2,U2,P]=lu(A)

L2 =

    1.0000         0         0
    0.2500    1.0000         0
    0.6250    0.2500    1.0000


U2 =

    8.0000    4.0000    9.0000
         0    2.0000    1.7500
         0         0   -5.0625


P =

     0     1     0
     1     0     0
     0     0     1

>> Y1=lu(A)

Y1 =

    8.0000    4.0000    9.0000
    0.2500    2.0000    1.7500
    0.6250    0.2500   -5.0625

>> L1*U1

ans =

     2     3     4
     8     4     9
     5     3     1

>> Y2=L2+U2-eye(size(A))

Y2 =

    8.0000    4.0000    9.0000
    0.2500    2.0000    1.7500
    0.6250    0.2500   -5.0625
