>> format rat
>> p=pascal(5)

p =

       1              1              1              1              1       
       1              2              3              4              5       
       1              3              6             10             15       
       1              4             10             20             35       
       1              5             15             35             70       

>> inv(p)

ans =

       5            -10             10             -5              1       
     -10             30            -35             19             -4       
      10            -35             46            -27              6       
      -5             19            -27             17             -4       
       1             -4              6             -4              1       
