>> A=[2 3 4;8 4 9;5 3 1];
>> [Q1,R1]=qr(A)

Q1 =

   -0.2074    0.9548   -0.2129
   -0.8296   -0.2870   -0.4790
   -0.5185    0.0773    0.8516


R1 =

   -9.6437   -5.4958   -8.8141
         0    1.9483    1.3136
         0         0   -4.3112

>> B=[1 2 3 4;3 5 6 2;3 6 9 12];
>> [Q2,R2]=qr(B)

Q2 =

   -0.2294    0.2176   -0.9487
   -0.6882   -0.7255    0.0000
   -0.6882    0.6529    0.3162


R2 =

   -4.3589   -8.0296  -11.0120  -10.5531
         0    0.7255    2.1764    7.2548
         0         0   -0.0000   -0.0000

>> Q2*R2

ans =

    1.0000    2.0000    3.0000    4.0000
    3.0000    5.0000    6.0000    2.0000
    3.0000    6.0000    9.0000   12.0000
