>> A=[1,3;3+4i,1-2i]

A =

       1        +    0i             3        +    0i      
       3        +    4i             1        -    2i      

>> rot90(A,1)

ans =

       3        +    0i             1        -    2i      
       1        +    0i             3        +    4i      
