>> A=[1 2 3 4 5];
>> b1=A(3)

b1 =

     3

>> b2=A(2:4)

b2 =

     2     3     4

>> b3=A(3:end)

b3 =

     3     4     5

>> b4=A(3:-1:1)

b4 =

     3     2     1

>> b5=A(end:-1:1)

b5 =

     5     4     3     2     1

>> b6=A([2 4])

b6 =

     2     4
