>> p1=[2 3 4]

p1 =

     2     3     4

>> A=compan(p1)

A =

   -1.5000   -2.0000
    1.0000         0

>> p2=[1 2 3 4]

p2 =

     1     2     3     4

>> B=compan(p2)

B =

    -2    -3    -4
     1     0     0
     0     1     0

>> 
