>> A=[11 10 13 4 5];
>> B=[3 15 21 6 5];
>> A(A>10)=10

A =

    10    10    10     4     5

>> B(B==5)=100

B =

     3    15    21     6   100

>> 
