>> a=3>2;
>> b1=rand(3,4)

b1 =

    0.8147    0.9134    0.2785    0.9649
    0.9058    0.6324    0.5469    0.1576
    0.1270    0.0975    0.9575    0.9706

>> b2=b1>=0.5

b2 =

  3×4 logical 数组

   1   1   0   1
   1   1   1   0
   0   0   1   1

>> b3=b1<=0.8

b3 =

  3×4 logical 数组

   0   0   1   0
   0   1   1   1
   1   1   0   0

>> c1=eq(b2,b3)

c1 =

  3×4 logical 数组

   0   0   0   0
   0   1   1   0
   0   0   0   0

>> c2=b2~=b3

c2 =

  3×4 logical 数组

   1   1   1   1
   1   0   0   1
   1   1   1   1

>> 
