>> A=[1 3 5 3;2 6 9 1;7 4 1 10;2 5 9 3];
>> H1=hess(A)

H1 =

    1.0000   -6.2253    2.0602   -0.0327
   -7.5498    9.7719   -9.0220   -2.4797
         0  -11.8114   -1.3405   -4.7895
         0         0    0.5086    1.5686

>> [P2,H2]=hess(A)

P2 =

    1.0000         0         0         0
         0   -0.2649    0.6443   -0.7174
         0   -0.9272   -0.3746    0.0059
         0   -0.2649    0.6667    0.6966


H2 =

    1.0000   -6.2253    2.0602   -0.0327
   -7.5498    9.7719   -9.0220   -2.4797
         0  -11.8114   -1.3405   -4.7895
         0         0    0.5086    1.5686

>> B=P2*H2*P2'

B =

    1.0000    3.0000    5.0000    3.0000
    2.0000    6.0000    9.0000    1.0000
    7.0000    4.0000    1.0000   10.0000
    2.0000    5.0000    9.0000    3.0000

>> C=P2'*P2

C =

    1.0000         0         0         0
         0    1.0000   -0.0000   -0.0000
         0   -0.0000    1.0000   -0.0000
         0   -0.0000   -0.0000    1.0000
