>> n1=datenum('20-Jun-2011')

n1 =

      734674

>> n2=datenum(now)

n2 =

   7.3845e+05

>> n3=datenum(2011,6,20)

n3 =

      734674

>> n4=datenum(2011,6,21,19,30,0)

n4 =

   7.3468e+05

>> n5=datenum('06.05.2011','dd.mm.yyyy')

n5 =

      734629

>> 
