>> [d1,w1]=weekday(728647)

d1 =

     2


w1 =

    'Mon'

>> d='19-dec-1994'

d =

    '19-dec-1994'

>> [d2,w2]=weekday(d)

d2 =

     2


w2 =

    'Mon'

>> eomday(2011,8)

ans =

    31
