>> A=pascal(4)

A =

     1     1     1     1
     1     2     3     4
     1     3     6    10
     1     4    10    20

>> [U,S]=schur(A)

U =

    0.3087   -0.7873    0.5304    0.0602
   -0.7231    0.1632    0.6403    0.2012
    0.5946    0.5321    0.3918    0.4581
   -0.1684   -0.2654   -0.3939    0.8638


S =

    0.0380         0         0         0
         0    0.4538         0         0
         0         0    2.2034         0
         0         0         0   26.3047

>> U*S*U'

ans =

    1.0000    1.0000    1.0000    1.0000
    1.0000    2.0000    3.0000    4.0000
    1.0000    3.0000    6.0000   10.0000
    1.0000    4.0000   10.0000   20.0000
