>> A=magic(3)

A =

     8     1     6
     3     5     7
     4     9     2

>> E=eig(A)

E =

   15.0000
    4.8990
   -4.8990

>> [V,D]=eig(A)

V =

   -0.5774   -0.8131   -0.3416
   -0.5774    0.4714   -0.4714
   -0.5774    0.3416    0.8131


D =

   15.0000         0         0
         0    4.8990         0
         0         0   -4.8990
