>> A=[1 2 3;3 5 7;9 5 8];
>> B=magic(3)

B =

     8     1     6
     3     5     7
     4     9     2

>> C=orth(A)

C =

   -0.2210   -0.3608   -0.9061
   -0.5489   -0.7220    0.4213
   -0.8062    0.5904   -0.0385

>> D=orth(B)

D =

   -0.5774    0.7071    0.4082
   -0.5774    0.0000   -0.8165
   -0.5774   -0.7071    0.4082

>> C'*C

ans =

    1.0000         0   -0.0000
         0    1.0000   -0.0000
   -0.0000   -0.0000    1.0000

>> eye(rank(A))

ans =

     1     0     0
     0     1     0
     0     0     1
