>> A=magic(3)

A =

     8     1     6
     3     5     7
     4     9     2

>> B=[1:3;2 5 7;3 8 7];
>> y1=det(A)

y1 =

  -360

>> y2=det(B)

y2 =

    -4

>> 
