>> t=clock

t =

   1.0e+03 *

    2.0210    0.0100    0.0160    0.0140    0.0190    0.0527

>> for i=1:10000
y(i)=exp(i);
end
>> t1=etime(clock,t)

t1 =

   67.2640
   
>> t=clock

t =

   1.0e+03 *

    2.0210    0.0100    0.0160    0.0140    0.0360    0.0245

>> i=1:1000;
>> y(i)=exp(i);
>> t2=etime(clock,t)

t2 =

   66.0880

