>> A=[10 9 6 1 5];
>> B=sort(A)

B =

     1     5     6     9    10

>> [C,I]=sort(A,'ascend')

C =

     1     5     6     9    10


I =

     4     5     3     2     1

>> D=sort(A,'descend')

D =

    10     9     6     5     1

>> 
