>> X=[1:4;5:8];
>> Y1=reshape(X,1,8)

Y1 =

     1     5     2     6     3     7     4     8

>> Y2=reshape(Y1,[4,2])

Y2 =

     1     3
     5     7
     2     4
     6     8

>> Y3=reshape(X,size(Y2))

Y3 =

     1     3
     5     7
     2     4
     6     8

>> 
