>> A=[2 3 4;8 4 9;5 3 1];
>> s=svd(A)

s =

   14.5279
    3.3393
    1.6696

>> [U,S,V]=svd(A)

U =

   -0.3497    0.2968    0.8886
   -0.8701    0.2486   -0.4255
   -0.3472   -0.9220    0.1713


S =

   14.5279         0         0
         0    3.3393         0
         0         0    1.6696


V =

   -0.6468   -0.6073   -0.4614
   -0.3835   -0.2640    0.8850
   -0.6592    0.7494   -0.0622

>> U*S*V'

ans =

    2.0000    3.0000    4.0000
    8.0000    4.0000    9.0000
    5.0000    3.0000    1.0000

>> norm(A)

ans =

   14.5279
