>> A=[1:3;4:6];
>> B=magic(3)

B =

     8     1     6
     3     5     7
     4     9     2

>> C=kron(A,B)

C =

     8     1     6    16     2    12    24     3    18
     3     5     7     6    10    14     9    15    21
     4     9     2     8    18     4    12    27     6
    32     4    24    40     5    30    48     6    36
    12    20    28    15    25    35    18    30    42
    16    36     8    20    45    10    24    54    12
