>> A=[1 2 3;3 5 7;2 5 8];
>> n1=norm(A,1)

n1 =

    18

>> n2=norm(A)

n2 =

   13.7529

>> n3=norm(A,inf)

n3 =

    15

>> n4=norm(A,'fro')

n4 =

   13.7840

>> n5=normest(A)

n5 =

   13.7529
