>> A=[1 2 3;3 5 7;9 5 8];
>> c1=cond(A,1)

c1 =

  190.2857

>> c2=cond(A,2)

c2 =

  124.5801

>> c3=cond(A,inf)

c3 =

  188.5714

>> c4=rcond(A)

c4 =

    0.0053

>> c5=condest(A)

c5 =

  190.2857
