>> A=magic(3)

A =

     8     1     6
     3     5     7
     4     9     2

>> B=[1:2;3:4]

B =

     1     2
     3     4

>> C=blkdiag(A,B)

C =

     8     1     6     0     0
     3     5     7     0     0
     4     9     2     0     0
     0     0     0     1     2
     0     0     0     3     4

>> D=blkdiag(B,A)

D =

     1     2     0     0     0
     3     4     0     0     0
     0     0     8     1     6
     0     0     3     5     7
     0     0     4     9     2
