>> A=rand(3,4)

A =

    0.8147    0.9134    0.2785    0.9649
    0.9058    0.6324    0.5469    0.1576
    0.1270    0.0975    0.9575    0.9706

>> b1=diag(A)

b1 =

    0.8147
    0.6324
    0.9575

>> b2=diag(A,1)

b2 =

    0.9134
    0.5469
    0.9706

>> b3=diag(A,-1)

b3 =

    0.9058
    0.0975
