>> z1=3+5i

z1 =

   3.0000 + 5.0000i

>> z2=4+5j

z2 =

   4.0000 + 5.0000i

>> z3=complex(1,2)

z3 =

   1.0000 + 2.0000i

>> z4=complex(1:4,2:5)

z4 =

   1.0000 + 2.0000i   2.0000 + 3.0000i   3.0000 + 4.0000i   4.0000 + 5.0000i

>> 
