>> A=rand(4,4)

A =

    0.8147    0.6324    0.9575    0.9572
    0.9058    0.0975    0.9649    0.4854
    0.1270    0.2785    0.1576    0.8003
    0.9134    0.5469    0.9706    0.1419

>> A([1 3],:)=[]

A =

    0.9058    0.0975    0.9649    0.4854
    0.9134    0.5469    0.9706    0.1419

>> A(:,end)=[]

A =

    0.9058    0.0975    0.9649
    0.9134    0.5469    0.9706

>> 
