>> A=rand(3,4)

A =

    0.6787    0.3922    0.7060    0.0462
    0.7577    0.6555    0.0318    0.0971
    0.7431    0.1712    0.2769    0.8235

>> B=rot90(A)

B =

    0.0462    0.0971    0.8235
    0.7060    0.0318    0.2769
    0.3922    0.6555    0.1712
    0.6787    0.7577    0.7431

>> C=rot90(A,2)

C =

    0.8235    0.2769    0.1712    0.7431
    0.0971    0.0318    0.6555    0.7577
    0.0462    0.7060    0.3922    0.6787

>> D=rot90(A,4)

D =

    0.6787    0.3922    0.7060    0.0462
    0.7577    0.6555    0.0318    0.0971
    0.7431    0.1712    0.2769    0.8235
