>> a1=round(2.5)

a1 =

     3

>> a2=round(-2.4)

a2 =

    -2

>> a3=round(-2.5)

a3 =

    -3

>> b1=fix(-3.6)

b1 =

    -3

>> b2=fix(-3.5)

b2 =

    -3

>> c1=floor(4.9)

c1 =

     4

>> c2=floor(-4.2)

c2 =

    -5

>> d1=ceil(4.2)

d1 =

     5

>> d2=ceil(-4.4)

d2 =

    -4

>> 
