>> A=[10 9 6 1 5];
>>  find(A>5)

ans =

     1     2     3

>> find(A==5)

ans =

     5

>> A(find(A>5))=A(find(A>5))+100

A =

   110   109   106     1     5

>> A(A==5)=200

A =

   110   109   106     1   200

>> 
