>> A=rand(3,4)

A =

    0.6948    0.0344    0.7655    0.4898
    0.3171    0.4387    0.7952    0.4456
    0.9502    0.3816    0.1869    0.6463

>> B=fliplr(A)

B =

    0.4898    0.7655    0.0344    0.6948
    0.4456    0.7952    0.4387    0.3171
    0.6463    0.1869    0.3816    0.9502

>> C=flipud(A)

C =

    0.9502    0.3816    0.1869    0.6463
    0.3171    0.4387    0.7952    0.4456
    0.6948    0.0344    0.7655    0.4898

>> D=flipdim(A,1)

D =

    0.9502    0.3816    0.1869    0.6463
    0.3171    0.4387    0.7952    0.4456
    0.6948    0.0344    0.7655    0.4898

>> E=flipdim(A,2)

E =

    0.4898    0.7655    0.0344    0.6948
    0.4456    0.7952    0.4387    0.3171
    0.6463    0.1869    0.3816    0.9502
