>> a=[2.3 4.5 9.2;3.5 3.2 8.5]


a =

    2.3000    4.5000    9.2000
    3.5000    3.2000    8.5000

>> c=num2cell(a)

c =

  2×3 cell 数组

    {[2.3000]}    {[4.5000]}    {[9.2000]}
    {[3.5000]}    {[3.2000]}    {[8.5000]}

>> iscell(a)

ans =

  logical

   0

>> iscell(c)

ans =

  logical

   1
