>> A=hilb(3)

A =

    1.0000    0.5000    0.3333
    0.5000    0.3333    0.2500
    0.3333    0.2500    0.2000

>> B=hilb(4)

B =

    1.0000    0.5000    0.3333    0.2500
    0.5000    0.3333    0.2500    0.2000
    0.3333    0.2500    0.2000    0.1667
    0.2500    0.2000    0.1667    0.1429

>> C=invhilb(3)

C =

     9   -36    30
   -36   192  -180
    30  -180   180

>> D=invhilb(4)

D =

          16        -120         240        -140
        -120        1200       -2700        1680
         240       -2700        6480       -4200
        -140        1680       -4200        2800

>> A*C

ans =

     1     0     0
     0     1     0
     0     0     1

>> 
