>> f1=@cos

f1 =

  包含以下值的 function_handle:

    @cos

>> t=0:pi/5:pi

t =

         0    0.6283    1.2566    1.8850    2.5133    3.1416

>> f1(t)

ans =

    1.0000    0.8090    0.3090   -0.3090   -0.8090   -1.0000

>> f2=@complex

f2 =

  包含以下值的 function_handle:

    @complex

>> f2(3,4)

ans =

   3.0000 + 4.0000i

>> 
