>> A=toeplitz(3:6)

A =

     3     4     5     6
     4     3     4     5
     5     4     3     4
     6     5     4     3

>> x=3:8

x =

     3     4     5     6     7     8

>> y=3:7

y =

     3     4     5     6     7

>> B=toeplitz(x,y)

B =

     3     4     5     6     7
     4     3     4     5     6
     5     4     3     4     5
     6     5     4     3     4
     7     6     5     4     3
     8     7     6     5     4

>> 
