>> a=3

a =

     3

>> logical(a)

ans =

  logical

   1

>> b=0

b =

     0

>> logical(b)

ans =

  logical

   0

>> c=[1.3 -3 0;2 0 4;0.01 9 1]

c =

    1.3000   -3.0000         0
    2.0000         0    4.0000
    0.0100    9.0000    1.0000

>> logical(c)

ans =

  3×3 logical 数组

   1   1   0
   1   0   1
   1   1   1
