>> A=[1,2,3;1,4,9;1,8,27];
>> b=[5;-2;6];
>> x=inv(A)*b

x =

      23       
     -29/2     
      11/3     

>> x=A\b

x =

      23       
     -29/2     
      11/3     
