>> p=[3 5 2 1];
>> A=compan(p)

A =

   -1.6667   -0.6667   -0.3333
    1.0000         0         0
         0    1.0000         0

>> x1=eig(A)

x1 =

  -1.3563 + 0.0000i
  -0.1552 + 0.4708i
  -0.1552 - 0.4708i

>> x2=roots(p)

x2 =

  -1.3563 + 0.0000i
  -0.1552 + 0.4708i
  -0.1552 - 0.4708i
