>> A=[1 2 3 0;2 6 7 8;1 2 3 5];
>> B1=diff(A)

B1 =

     1     4     4     8
    -1    -4    -4    -3

>> B2=diff(A,2)

B2 =

    -2    -8    -8   -11

>> B3=diff(A,1,1)

B3 =

     1     4     4     8
    -1    -4    -4    -3

>> B4=diff(A,1,2)

B4 =

     1     1    -3
     4     1     1
     1     1     2
