>> A=[1:4;5:8;9:12;13:16];
>> B=A>5

B =

  4×4 logical 数组

   0   0   0   0
   0   1   1   1
   1   1   1   1
   1   1   1   1

>> A(A>5)=5

A =

     1     2     3     4
     5     5     5     5
     5     5     5     5
     5     5     5     5
 
>> f1=find(A>4)

f1 =

     2
     3
     4
     6
     7
     8
    10
    11
    12
    14
    15
    16

>> A(find(A>4))=6

A =

     1     2     3     4
     6     6     6     6
     6     6     6     6
     6     6     6     6
