>> A=[1 2 3 0;2 6 7 8;1 2 3 5];
>> B1=prod(A)

B1 =

     2    24    63     0

>> B2=prod(A,2)

B2 =

     0
   672
    30

>> C1=cumprod(A)

C1 =

     1     2     3     0
     2    12    21     0
     2    24    63     0

>> C2=cumprod(A,2)

C2 =

     1     2     6     0
     2    12    84   672
     1     2     6    30
