>> A=[21 2 3;7 3 1;9 4 2];
>> B=[3 5 7;2 12 4;2 7 4];
>> C1=A\B

C1 =

    0.2286    1.6286    0.5143
    0.4286    4.4286    0.7143
   -0.8857  -12.6857   -1.7429

>> C2=inv(A)*B

C2 =

    0.2286    1.6286    0.5143
    0.4286    4.4286    0.7143
   -0.8857  -12.6857   -1.7429

>> D1=B/A

D1 =

   -0.3429  -10.3714    9.2000
   -1.4857   -1.9429    5.2000
   -0.7714   -4.0857    5.2000

>> D2=B*inv(A)

D2 =

   -0.3429  -10.3714    9.2000
   -1.4857   -1.9429    5.2000
   -0.7714   -4.0857    5.2000

>> E1=A^3

E1 =

       11181        1428        1648
        4140         539         610
        5516         724         813

>> E2=A*A*A

E2 =

       11181        1428        1648
        4140         539         610
        5516         724         813

>> 
