>> A=[1 2 3 4;5 6 7 8;1 1 1 1];
>> B1=sum(A)

B1 =

     7     9    11    13

>> B2=sum(A,2)

B2 =

    10
    26
     4

>> C1=cumsum(A)

C1 =

     1     2     3     4
     6     8    10    12
     7     9    11    13

>> C2=cumsum(A,2)

C2 =

     1     3     6    10
     5    11    18    26
     1     2     3     4

>> D=sum(sum(A))

D =

    40
