>> A=[1:4;5:8;9:12;13:16]

A =

     1     2     3     4
     5     6     7     8
     9    10    11    12
    13    14    15    16

>> f1=A(1,:)

f1 =

     1     2     3     4

>> f2=A(:,3)

f2 =

     3
     7
    11
    15

>> f3=A(1:2,1:2)

f3 =

     1     2
     5     6

>> f4=A(1:end,end)

f4 =

     4
     8
    12
    16
