>> A=magic(3)

A =

     8     1     6
     3     5     7
     4     9     2

>> t1=trace(A)

t1 =

    15

>> eig(A)

ans =

   15.0000
    4.8990
   -4.8990

>> r1=rank(A)

r1 =

     3

>> t2=sum(eig(A))

t2 =

   15.0000
