>> A=[7,0,1,0,5;3,5,7,4,1;4,0,3,0,2;1,1,9,3,2;1,8,5,2,9]

A =

       7              0              1              0              5       
       3              5              7              4              1       
       4              0              3              0              2       
       1              1              9              3              2       
       1              8              5              2              9       

>> D=diag(A)

D =

       7       
       5       
       3       
       3       
       9       

>> A*D

ans =

      97       
      88       
      55       
      66       
     149       

