>> A=[1:4;5:8;9:12;13:16]

A =

     1     2     3     4
     5     6     7     8
     9    10    11    12
    13    14    15    16

>> ind1=sub2ind(size(A),3,4)

ind1 =

    15

>> A(ind1)

ans =

    12

>> A(3,4)

ans =

    12

>> [I,J]=ind2sub(size(A),10)

I =

     2


J =

     3

>> ind2=sub2ind(size(A),I,J)

ind2 =

    10

>> 
