>> A=[1 2 3;7 3 1;9 4 2];
>> B=[3 5 7;2 12 4;2 7 4];
>> C1=A./B

C1 =

    0.3333    0.4000    0.4286
    3.5000    0.2500    0.2500
    4.5000    0.5714    0.5000

>> C2=A.\B

C2 =

    3.0000    2.5000    2.3333
    0.2857    4.0000    4.0000
    0.2222    1.7500    2.0000

>> C3=A./2

C3 =

    0.5000    1.0000    1.5000
    3.5000    1.5000    0.5000
    4.5000    2.0000    1.0000

>> D=A.^2

D =

     1     4     9
    49     9     1
    81    16     4
