>> A=[1:4;5:8];
>> B=[2 3;1 3;6 7;4 5];
>> C=A*B

C =

    38    50
    90   122

>> D=A.*B'

D =

     2     2    18    16
    15    18    49    40

>> E=A*5

E =

     5    10    15    20
    25    30    35    40

>> 
