>> A=[1:4;5:8];
>> B=[1:2;3:4];
>> C=cat(2,A,B)

C =

     1     2     3     4     1     2
     5     6     7     8     3     4

>> D=horzcat(A,B)

D =

     1     2     3     4     1     2
     5     6     7     8     3     4

>> E=vertcat(A,B)
错误使用 vertcat
要串联的数组的维度不一致。
