>> A=magic(3)

A =

     8     1     6
     3     5     7
     4     9     2

>> B=[1 3;2 6];
>> C=inv(A)

C =

    0.1472   -0.1444    0.0639
   -0.0611    0.0222    0.1056
   -0.0194    0.1889   -0.1028

>> C*A

ans =

    1.0000         0   -0.0000
         0    1.0000         0
         0    0.0000    1.0000

>> inv(B)
警告: 矩阵为奇异工作精度。 
 

ans =

   Inf   Inf
   Inf   Inf

>> D=pinv(B)

D =

    0.0200    0.0400
    0.0600    0.1200

>> B*D*B

ans =

    1.0000    3.0000
    2.0000    6.0000
