>> A=vander([1;2;4;6])

A =

     1     1     1     1
     8     4     2     1
    64    16     4     1
   216    36     6     1

>> B=vander([1 2 3 4])

B =

     1     1     1     1
     8     4     2     1
    27     9     3     1
    64    16     4     1

>> 
