>> c1=clock

c1 =

   1.0e+03 *

    2.0210    0.0100    0.0110    0.0130    0.0580    0.0523

>> d1=date

d1 =

    '11-Oct-2021'

>> n1=now

n1 =

   7.3844e+05

>> 
