>> A=rand(3,3)

A =

    0.9572    0.1419    0.7922
    0.4854    0.4218    0.9595
    0.8003    0.9157    0.6557

>> B1=triu(A)

B1 =

    0.9572    0.1419    0.7922
         0    0.4218    0.9595
         0         0    0.6557

>> B2=tril(A)

B2 =

    0.9572         0         0
    0.4854    0.4218         0
    0.8003    0.9157    0.6557

>> B3=tril(A,1)

B3 =

    0.9572    0.1419         0
    0.4854    0.4218    0.9595
    0.8003    0.9157    0.6557
