>> A=[3 2 3;6 5 7;9 5 8];
>> X=sqrtm(A)

X =

   0.6630 + 0.0000i   0.5409 - 0.0000i   0.7619 - 0.0000i
  -0.1565 + 0.0000i   1.8958 - 0.0000i   1.8436 - 0.0000i
   3.4717 - 0.0000i   0.8085 + 0.0000i   1.9658 + 0.0000i

>> B=X*X

B =

   3.0000 + 0.0000i   2.0000 + 0.0000i   3.0000 + 0.0000i
   6.0000 + 0.0000i   5.0000 + 0.0000i   7.0000 + 0.0000i
   9.0000 - 0.0000i   5.0000 - 0.0000i   8.0000 - 0.0000i

>> X1=expm(A)

X1 =

   1.0e+06 *

    1.2615    0.8142    1.2347
    2.9253    1.8880    2.8631
    3.3824    2.1830    3.3105

>> Y1=logm(X1)

Y1 =

    3.0000    2.0000    3.0000
    6.0000    5.0000    7.0000
    9.0000    5.0000    8.0000

>> X2=logm(A)
警告: 没有为包含非正实数特征值的 A 定义主矩阵对数。返回了非主矩阵对数。 
> 位置：logm (第 91 行) 

X2 =

 -32.6991 + 3.1416i   6.9543 - 0.6283i   7.2079 - 0.6283i
 -95.1864 + 9.4248i  19.3856 - 1.8850i  21.1166 - 1.8850i
  98.9900 - 9.4248i -18.0737 + 1.8850i -18.5368 + 1.8850i

>> Y2=expm(X2)

Y2 =

   3.0000 + 0.0000i   2.0000 + 0.0000i   3.0000 + 0.0000i
   6.0000 + 0.0000i   5.0000 + 0.0000i   7.0000 + 0.0000i
   9.0000 + 0.0000i   5.0000 + 0.0000i   8.0000 + 0.0000i

>> [V,D]=eig(A)

V =

   -0.2715   -0.2294   -0.0459
   -0.6296   -0.6882   -0.8118
   -0.7279    0.6882    0.5822


D =

   15.6811         0         0
         0   -0.0000         0
         0         0    0.3189

>> V*diag(exp(diag(D)))/V

ans =

   1.0e+06 *

    1.2615    0.8142    1.2347
    2.9253    1.8880    2.8631
    3.3824    2.1830    3.3105
