>> A=[1 2 3 4 5]

A =

     1     2     3     4     5

>> B=[2 3 4 5 6]

B =

     2     3     4     5     6

>> C=dot(A,B)

C =

    70

>> D=sum(A.*B)

D =

    70

>> 
