>> v=[1 2 3 4 5];
>> X=diag(v,1)

X =

     0     1     0     0     0     0
     0     0     2     0     0     0
     0     0     0     3     0     0
     0     0     0     0     4     0
     0     0     0     0     0     5
     0     0     0     0     0     0

>> S=sparse(X)

S =

   (1,2)        1
   (2,3)        2
   (3,4)        3
   (4,5)        4
   (5,6)        5

>> nnz(S)

ans =

     5

>> d=nnz(S)/prod(size(S))

d =

    0.1389
