>> A=[3 2 3;6 5 7;9 5 8];
>> X1=funm(A,@sin)

X1 =

   -0.0560    0.0266    0.0079
   -1.0702    0.4178    0.0610
    0.7903   -0.2850   -0.0215

>> X2=funm(A,@cos)

X2 =

    0.6193   -0.2558   -0.3826
   -0.7315    0.3497   -0.8942
   -1.1718   -0.6285   -0.0191

>> X3=funm(A,@exp)

X3 =

   1.0e+06 *

    1.2615    0.8142    1.2347
    2.9253    1.8880    2.8631
    3.3824    2.1830    3.3105

>> Y=expm(A)

Y =

   1.0e+06 *

    1.2615    0.8142    1.2347
    2.9253    1.8880    2.8631
    3.3824    2.1830    3.3105
