>> A=[1,3;3+4i,1-2i]

A =

       1        +    0i             3        +    0i      
       3        +    4i             1        -    2i      

>> A.'

ans =

       1        +    0i             3        +    4i      
       3        +    0i             1        -    2i      

>> A'

ans =

       1        +    0i             3        -    4i      
       3        +    0i             1        +    2i      
