>> a=3*2>=5

a =

  logical

   1

>> b=5*2:15

b =

    10    11    12    13    14    15

>> 3*5^2

ans =

    75
    
