>> A=rand(2,4)

A =

    0.4218    0.7922    0.6557    0.8491
    0.9157    0.9595    0.0357    0.9340

>> A1=A'

A1 =

    0.4218    0.9157
    0.7922    0.9595
    0.6557    0.0357
    0.8491    0.9340

>> A2=transpose(A)

A2 =

    0.4218    0.9157
    0.7922    0.9595
    0.6557    0.0357
    0.8491    0.9340

>> B=[2+3i,4+5i,3;2 4+i 5+3*i]

B =

   2.0000 + 3.0000i   4.0000 + 5.0000i   3.0000 + 0.0000i
   2.0000 + 0.0000i   4.0000 + 1.0000i   5.0000 + 3.0000i

>> B1=B.'

B1 =

   2.0000 + 3.0000i   2.0000 + 0.0000i
   4.0000 + 5.0000i   4.0000 + 1.0000i
   3.0000 + 0.0000i   5.0000 + 3.0000i

>> B2=B'

B2 =

   2.0000 - 3.0000i   2.0000 + 0.0000i
   4.0000 - 5.0000i   4.0000 - 1.0000i
   3.0000 + 0.0000i   5.0000 - 3.0000i

>> B3=ctranspose(B)

B3 =

   2.0000 - 3.0000i   2.0000 + 0.0000i
   4.0000 - 5.0000i   4.0000 - 1.0000i
   3.0000 + 0.0000i   5.0000 - 3.0000i
