>> A=rand(3,4)

A =

    0.9572    0.1419    0.7922    0.0357
    0.4854    0.4218    0.9595    0.8491
    0.8003    0.9157    0.6557    0.9340

>> B=A>0.6

B =

  3×4 logical 数组

   1   0   1   0
   0   0   1   1
   1   1   1   1

>> C=A<0.4

C =

  3×4 logical 数组

   0   1   0   1
   0   0   0   0
   0   0   0   0

>> d1=B&C

d1 =

  3×4 logical 数组

   0   0   0   0
   0   0   0   0
   0   0   0   0

>> d2=B|C

d2 =

  3×4 logical 数组

   1   1   1   1
   0   0   1   1
   1   1   1   1

>> d3=~B

d3 =

  3×4 logical 数组

   0   1   0   1
   1   1   0   0
   0   0   0   0

>> d4=xor(B,C)

d4 =

  3×4 logical 数组

   1   1   1   1
   0   0   1   1
   1   1   1   1

>> 
